HODA3    2000  8  2  6  0  0 2000  1  7  1  0  0 QCVFEZ5 3007             0.500000          5475.000000 Z 0 SLC      0 PRODUCT_ISSUANCE=FINAL
HODA3    2000  8  2  6  0  0 2000  1  7  1  0  0 QCVFEZF 3007             0.050000         10455.000000 Z 0 SLC      0 
HODA3    2000  8  2  6  0  0 2000  1  7  1  0  0 QCVFEZT 3007             0.950000          1685.000000 Z 0 SLC      0 
GLDA3    2000  8  2  6  0  0 2000  1  7  1  0  0 QCVFEZ5 3007             0.500000          5225.000000 Z 0 SLC      0 
GLDA3    2000  8  2  6  0  0 2000  1  7  1  0  0 QCVFEZF 3007             0.050000          9755.000000 Z 0 SLC      0 
GLDA3    2000  8  2  6  0  0 2000  1  7  1  0  0 QCVFEZT 3007             0.950000          1665.000000 Z 0 SLC      0 
NVRN5    2000  8  2  6  0  0 2000  1  7  1  0  0 QCVFEZ5 3007             0.500000           427.000000 Z 0 SLC      0 
NVRN5    2000  8  2  6  0  0 2000  1  7  1  0  0 QCVFEZF 3007             0.050000           927.000000 Z 0 SLC      0 
NVRN5    2000  8  2  6  0  0 2000  1  7  1  0  0 QCVFEZT 3007             0.950000           150.000000 Z 0 SLC      0 
BMDC2    2000  8  2  6  0  0 2000  1  7  1  0  0 QCVFEZ5 3007             0.500000           553.000000 Z 0 SLC      0 
BMDC2    2000  8  2  6  0  0 2000  1  7  1  0  0 QCVFEZF 3007             0.050000          1008.000000 Z 0 SLC      0 
BMDC2    2000  8  2  6  0  0 2000  1  7  1  0  0 QCVFEZT 3007             0.950000           248.000000 Z 0 SLC      0 
GRNU1    2000  8  2  6  0  0 2000  1  7  1  0  0 QCVFEZ5 3007             0.500000           910.000000 Z 0 SLC      0 
GRNU1    2000  8  2  6  0  0 2000  1  7  1  0  0 QCVFEZF 3007             0.050000          1670.000000 Z 0 SLC      0 
GRNU1    2000  8  2  6  0  0 2000  1  7  1  0  0 QCVFEZT 3007             0.950000           350.000000 Z 0 SLC      0 
GLDA3    2000  2  1  7  0  0 2000  1  7  1  0  0 QCMFEZ5 3001             0.500000           350.000000 Z 0          0 
GLDA3    2000  3  1  7  0  0 2000  1  7  1  0  0 QCMFEZ5 3001             0.500000           375.000000 Z 0          0 
GLDA3    2000  4  1  7  0  0 2000  1  7  1  0  0 QCMFEZ5 3001             0.500000           500.000000 Z 0          0 
GLDA3    2000  8  2  6  0  0 2000  1  7  1  0  0 QCVFEZ5 3004             0.500000          4000.000000 Z 0          0 
SAPC2    2000  2  1  7  0  0 2000  1  7  1  0  0 QCMFEZ5 3001             0.500000            24.000000 Z 0          0 
SAPC2    2000  3  1  7  0  0 2000  1  7  1  0  0 QCMFEZ5 3001             0.500000            22.000000 Z 0          0 
SAPC2    2000  4  1  7  0  0 2000  1  7  1  0  0 QCMFEZ5 3001             0.500000            32.000000 Z 0          0 
SAPC2    2000  8  2  6  0  0 2000  1  7  1  0  0 QCVFEZ5 3004             0.500000           475.000000 Z 0          0 
MPSC2    2000  8  2  6  0  0 2000  1  7  1  0  0 QCVFEZ5 3004             0.500000           525.000000 Z 0          0 
CLSC2    2000  2  1  7  0  0 2000  1  7  1  0  0 QCMFEZ5 3001             0.500000            30.000000 Z 0          0 
CLSC2    2000  3  1  7  0  0 2000  1  7  1  0  0 QCMFEZ5 3001             0.500000            29.000000 Z 0          0 
CLSC2    2000  4  1  7  0  0 2000  1  7  1  0  0 QCMFEZ5 3001             0.500000            38.000000 Z 0          0 
CLSC2    2000  8  2  6  0  0 2000  1  7  1  0  0 QCVFEZ5 3004             0.500000           605.000000 Z 0          0 
GBRW4    2000  2  1  7  0  0 2000  1  7  1  0  0 QCMFEZ5 3001             0.500000            30.000000 Z 0          0 
GBRW4    2000  3  1  7  0  0 2000  1  7  1  0  0 QCMFEZ5 3001             0.500000            30.000000 Z 0          0 
GBRW4    2000  4  1  7  0  0 2000  1  7  1  0  0 QCMFEZ5 3001             0.500000            40.000000 Z 0          0 
GBRW4    2000  8  2  6  0  0 2000  1  7  1  0  0 QCVFEZ5 3004             0.500000           525.000000 Z 0          0 
GRNU1    2000  2  1  7  0  0 2000  1  7  1  0  0 QCMFEZ5 3001             0.500000            40.000000 Z 0          0 
GRNU1    2000  3  1  7  0  0 2000  1  7  1  0  0 QCMFEZ5 3001             0.500000            50.000000 Z 0          0 
GRNU1    2000  4  1  7  0  0 2000  1  7  1  0  0 QCMFEZ5 3001             0.500000            95.000000 Z 0          0 
GRNU1    2000  8  2  6  0  0 2000  1  7  1  0  0 QCVFEZ5 3004             0.500000           725.000000 Z 0          0 
VCRC2    2000  2  1  7  0  0 2000  1  7  1  0  0 QCMFEZ5 3001             0.500000             4.000000 Z 0          0 
VCRC2    2000  3  1  7  0  0 2000  1  7  1  0  0 QCMFEZ5 3001             0.500000             3.500000 Z 0          0 
VCRC2    2000  4  1  7  0  0 2000  1  7  1  0  0 QCMFEZ5 3001             0.500000             5.000000 Z 0          0 
VCRC2    2000  8  2  6  0  0 2000  1  7  1  0  0 QCVFEZ5 3004             0.500000           110.000000 Z 0          0 
NVRN5    2000  2  1  7  0  0 2000  1  7  1  0  0 QCMFEZ5 3001             0.500000            12.000000 Z 0          0 
NVRN5    2000  3  1  7  0  0 2000  1  7  1  0  0 QCMFEZ5 3001             0.500000            15.000000 Z 0          0 
NVRN5    2000  4  1  7  0  0 2000  1  7  1  0  0 QCMFEZ5 3001             0.500000            50.000000 Z 0          0 
NVRN5    2000  8  2  6  0  0 2000  1  7  1  0  0 QCVFEZ5 3004             0.500000           350.000000 Z 0          0 
VCRC2    2000  2  1  7  0  0 2000  1  7  1  0  0 QCMFEZ5 3001             0.500000             2.000000 Z 0          0 
VCRC2    2000  3  1  7  0  0 2000  1  7  1  0  0 QCMFEZ5 3001             0.500000             2.000000 Z 0          0 
VCRC2    2000  4  1  7  0  0 2000  1  7  1  0  0 QCMFEZ5 3001             0.500000             3.000000 Z 0          0 
CHUN5    2000  2  1  7  0  0 2000  1  7  1  0  0 QCMFEZ5 3001             0.500000             0.000000 Z 0          0 
CHUN5    2000  3  1  7  0  0 2000  1  7  1  0  0 QCMFEZ5 3001             0.500000             0.000000 Z 0          0 
CHUN5    2000  4  1  7  0  0 2000  1  7  1  0  0 QCMFEZ5 3001             0.500000             1.000000 Z 0          0 
NVRN5    2000  2  1  7  0  0 2000  1  7  1  0  0 QCMFAZ5 3001             0.500000            10.000000 Z 0          0 
NVRN5    2000  3  1  7  0  0 2000  1  7  1  0  0 QCMFAZ5 3001             0.500000            13.000000 Z 0          0 
NVRN5    2000  4  1  7  0  0 2000  1  7  1  0  0 QCMFAZ5 3001             0.500000            46.000000 Z 0          0 
